OBJECTID,AREANAME,ST,STFIPS,PLACEFIP,CAPITAL,AREALAND,AREAWATER,POP_CL,POP2000,WHITE,BLACK,AMERI_ES,ASIAN,HAWN_PI,OTHER,MULT_RACE,HISPANIC,MALES,FEMALES,AGE_UNDER5,AGE_5_17,AGE_18_21,AGE_22_29,AGE_30_39,AGE_40_49,AGE_50_64,AGE_65_UP,MED_AGE,MED_AGE_M,MED_AGE_F,HOUSEHOLDS,AVE_HH_SZ,HSEHLD_1_M,HSEHLD_1_F,MARHH_CHD,MARHH_NO_C,MHH_CHILD,FHH_CHILD,FAMILIES,AVE_FAM_SZ,HSE_UNITS,VACANT,OWNER_OCC,RENTER_OCC
1,Honolulu,HI,15,17000,Y,85.701999999999998,19.350999999999999,8,371657,73093,6038,689,207588,25457,3318,55474,16229,182628,189029,18896,52576,18274,41526,56230,55990,61908,66257,39.700000000000003,38.399999999999999,41.100000000000001,140337,2.570000000000000,19657,22032,24570,39239,2030,6592,87374,3.230000000000000,158663,18326,65861,74476
2,Mesa,AZ,04,46000,N,124.986999999999990,0.195000000000000,8,396375,323655,9977,6572,5917,932,38271,11051,78281,196378,199997,32592,75785,24746,52419,57871,50436,49650,52876,32.000000000000000,30.699999999999999,33.600000000000001,146643,2.680000000000000,15205,20314,35199,42068,3881,9848,99856,3.200000000000000,175701,29058,97308,49335
3,Phoenix,AZ,04,55000,Y,474.862000000000020,0.227000000000000,10,1321045,938853,67416,26696,26449,1766,216589,43276,449972,671760,649285,114516,267919,80898,179201,222468,185726,163522,106795,30.699999999999999,30.100000000000001,31.500000000000000,465834,2.790000000000000,58261,60161,113190,105326,15511,37656,307243,3.390000000000000,495832,29998,282670,183164
4,Tucson,AZ,04,77000,N,194.672000000000000,0.419000000000000,8,486699,341424,21057,11038,11959,796,81988,18437,173868,238408,248291,35201,84416,40572,67127,73236,66217,62102,57828,32.100000000000001,30.800000000000001,33.500000000000000,192891,2.420000000000000,29346,32941,34519,42027,5078,16373,112515,3.120000000000000,209609,16718,103056,89835
5,Anaheim,CA,06,02000,N,48.942000000000000,1.507000000000000,8,328014,179627,8735,3041,39311,1393,79427,16480,153374,164058,163956,30206,68758,18875,44397,57234,43149,38622,26773,30.300000000000001,29.699999999999999,30.899999999999999,96969,3.340000000000000,7744,9796,31381,23205,3061,7280,73502,3.750000000000000,99719,2750,48514,48455
6,Fresno,CA,06,27000,N,104.363000000000000,0.441000000000000,8,427652,214556,35763,6763,48028,583,99898,22061,170520,210107,217545,38996,101795,29757,53169,61956,54367,48038,39574,28.500000000000000,27.399999999999999,29.600000000000001,140079,2.990000000000000,14184,18462,35540,29082,4904,16150,97923,3.570000000000000,149025,8946,70884,69195
7,Long Beach,CA,06,43000,N,50.439999999999998,15.426000000000000,8,461522,208410,68618,3881,55591,5605,95107,24310,165092,226718,234804,38587,96052,28407,60845,78928,63068,53733,41902,30.800000000000001,30.300000000000001,31.199999999999999,163088,2.770000000000000,23629,24578,35152,28857,4662,17266,99663,3.550000000000000,171632,8544,66928,96160
8,Los Angeles,CA,06,44000,N,469.072000000000000,29.216000000000001,10,3694820,1734036,415195,29412,369254,5915,949720,191288,1719073,1841805,1853015,285976,695335,226327,522360,644779,508091,454823,357129,31.600000000000001,30.800000000000001,32.600000000000001,1275412,2.830000000000000,175968,187489,288841,246150,33574,104867,798719,3.560000000000000,1337706,62294,491882,783530
9,Oakland,CA,06,53000,N,56.055000000000000,22.097999999999999,8,399484,125013,142460,2655,60851,2002,46592,19911,87467,192757,206727,28292,71467,20407,54811,68998,58712,55009,41788,33.299999999999997,32.299999999999997,34.399999999999999,150790,2.600000000000000,21728,27224,24838,26494,3382,14932,86347,3.380000000000000,157508,6718,62489,88301
10,Sacramento,CA,06,64000,Y,97.156999999999996,2.083000000000000,8,407018,196549,62968,5300,67635,3861,44627,26078,87974,197784,209234,29066,82224,23808,50477,62527,58320,54153,46443,32.799999999999997,31.600000000000001,34.000000000000000,154581,2.570000000000000,21802,27740,28093,31209,4023,14536,91137,3.350000000000000,163957,9376,77514,77067
11,San Diego,CA,06,66000,N,324.341000000000010,47.689999999999998,10,1223400,736207,96216,7543,166968,5853,151532,59081,310752,616884,606516,82523,211385,85983,176567,210745,174023,154166,128008,32.500000000000000,31.500000000000000,33.600000000000001,450691,2.610000000000000,60633,65577,98074,103139,8538,29473,271398,3.300000000000000,469689,18998,223280,227411
12,San Francisco,CA,06,67000,N,46.694000000000003,185.221000000000000,9,776733,385728,60515,3458,239565,3844,50368,33255,109504,394828,381905,31633,81169,31505,130484,161353,117999,116479,106111,36.500000000000000,36.000000000000000,37.200000000000003,329700,2.300000000000000,63760,63616,40269,64041,3154,11284,145186,3.220000000000000,346527,16827,115391,214309
13,San Jose,CA,06,68000,N,174.863000000000000,3.315000000000000,9,894943,425017,31349,6865,240375,3584,142691,45062,269989,454798,440145,68243,167881,49115,118111,165473,132993,119267,73860,32.600000000000001,32.000000000000000,33.299999999999997,276598,3.200000000000000,24669,26269,82694,72306,6587,16654,203681,3.620000000000000,281841,5243,170950,105648
14,Santa Ana,CA,06,69000,N,27.141999999999999,0.257000000000000,8,337977,144425,5749,4013,29778,1160,137360,15492,257097,175219,162758,34816,80691,24241,52733,59648,38368,28915,18565,26.500000000000000,26.300000000000001,26.800000000000001,73002,4.550000000000000,3890,5405,30721,13484,2590,5534,59784,4.720000000000000,74588,1586,36005,36997
15,Colorado Springs,CO,08,16000,N,185.744000000000000,0.390000000000000,8,360890,291095,23677,3175,10179,764,18091,13909,43330,178469,182421,26920,68703,20949,44305,59076,57462,48696,34779,33.600000000000001,32.299999999999997,34.899999999999999,141516,2.500000000000000,17859,20334,34930,37910,3109,10098,93049,3.060000000000000,148690,7174,85981,55535
16,Denver,CO,08,20000,Y,153.349999999999990,1.587000000000000,9,554636,362180,61649,7290,15611,648,86464,20794,175704,280207,274429,37769,83997,29897,90415,98337,79026,72769,62426,33.100000000000001,32.200000000000003,34.299999999999997,239235,2.270000000000000,44646,49398,35890,47126,4496,15212,119300,3.140000000000000,251435,12200,125539,113696
17,Washington,DC,11,50000,Y,61.402999999999999,6.938000000000000,9,572059,176101,343312,1713,15189,348,21950,13446,44953,269366,302693,32536,82456,42152,83334,94862,81125,85696,69898,34.600000000000001,33.700000000000003,35.600000000000001,248338,2.160000000000000,48347,60397,20741,35890,3802,24561,114166,3.070000000000000,274845,26507,101214,147124
18,Jacksonville,FL,12,35000,N,757.673000000000000,116.648000000000000,9,735617,474307,213514,2474,20427,448,9816,14631,30594,356284,379333,53938,142401,40991,86611,121411,112054,102296,75915,33.799999999999997,32.600000000000001,34.899999999999999,284499,2.530000000000000,33523,40957,61783,70973,6462,28155,190533,3.070000000000000,308826,24327,179729,104770
19,Miami,FL,12,45000,N,35.673000000000002,19.593000000000000,8,362470,241470,80858,810,2376,130,19644,17182,238351,180194,182276,21222,57575,17923,40490,57299,49745,56448,61768,37.700000000000003,36.299999999999997,39.299999999999997,134198,2.610000000000000,20274,20560,19741,29398,3179,12357,83281,3.250000000000000,148388,14190,46836,87362
20,Tampa,FL,12,71000,N,112.063999999999990,58.533000000000001,8,303447,194871,79118,1155,6527,281,12646,8849,58522,148050,155397,20528,54238,17535,36668,49885,45190,41450,37953,34.700000000000003,33.700000000000003,35.700000000000003,124758,2.360000000000000,19694,22408,19718,25638,2817,11913,71220,3.070000000000000,135776,11018,68589,56169
21,Atlanta,GA,13,04000,Y,131.746000000000010,0.678000000000000,8,416474,138352,255689,765,8046,173,8272,5177,18720,206725,209749,26666,66338,31844,66876,73134,56907,54174,40535,31.899999999999999,31.199999999999999,32.899999999999999,168147,2.300000000000000,30545,34114,15465,25734,2489,19780,83182,3.160000000000000,186925,18778,73473,94674
22,Chicago,IL,17,14000,N,227.131000000000000,6.869000000000000,10,2896016,1215315,1065009,10290,125974,1788,393203,84437,753644,1405107,1490909,218522,541318,172620,431648,479483,384230,369392,298803,31.500000000000000,30.500000000000000,32.600000000000001,1061928,2.670000000000000,157419,188413,179408,193562,21343,105705,632558,3.500000000000000,1152868,90940,464865,597063
23,Indianapolis,IN,18,36003,Y,361.478000000000010,6.678000000000000,9,781870,540212,199412,1985,11161,322,15921,12857,30636,378310,403560,57523,143094,42739,103461,127775,116990,104430,85858,33.500000000000000,32.200000000000003,34.799999999999997,320107,2.390000000000000,45822,56671,57496,72411,7854,30184,192754,3.040000000000000,352429,32322,187590,132517
24,Wichita,KS,20,79000,N,135.751000000000000,3.181000000000000,8,344284,258900,39325,3986,13647,198,17566,10662,33112,169604,174680,27524,65853,19240,42395,51414,51603,45364,40891,33.399999999999999,32.299999999999997,34.600000000000001,139087,2.440000000000000,20502,22906,30844,34973,3304,10444,87818,3.100000000000000,152119,13032,85711,53376
25,New Orleans,LA,22,55000,N,180.555000000000010,169.657000000000010,8,484674,135956,325947,991,10972,109,4498,6201,14826,227094,257580,33496,95912,32557,59093,69103,71006,66854,56653,33.100000000000001,31.500000000000000,34.600000000000001,188251,2.480000000000000,28864,33558,24950,33063,3714,26389,112977,3.230000000000000,215091,26840,87589,100662
26,Boston,MA,25,07000,Y,48.426000000000002,41.207999999999998,9,589141,320944,149202,2365,44284,366,46102,25878,85089,283588,305553,32046,84513,53455,110119,103426,73476,70770,61336,31.100000000000001,30.399999999999999,31.800000000000001,239528,2.310000000000000,40069,48875,28219,37528,3298,22793,115096,3.170000000000000,251935,12407,77226,162302
27,Baltimore,MD,24,04000,N,80.804000000000002,11.273999999999999,9,651154,205982,418951,2097,9985,222,4363,9554,11061,303687,347467,41694,119659,43178,74060,98081,95376,93185,85921,35.000000000000000,33.299999999999997,36.500000000000000,257996,2.420000000000000,38962,51162,25717,43054,5723,34329,147154,3.160000000000000,300477,42481,129869,128127
28,Detroit,MI,26,22000,N,138.768000000000000,4.177000000000000,9,951270,116599,775772,3140,9268,251,24199,22041,47167,448319,502951,76232,219477,53050,113300,137647,132103,120405,99056,30.899999999999999,29.199999999999999,32.500000000000000,336428,2.770000000000000,46946,52915,42085,47575,9343,62533,218483,3.450000000000000,375096,38668,184647,151781
29,Minneapolis,MN,27,43000,N,54.892000000000003,3.507000000000000,8,382618,249186,68818,8378,23455,289,15798,16694,29175,192232,190386,25187,58982,30615,65972,69765,54369,42850,34878,31.199999999999999,30.800000000000001,31.699999999999999,162352,2.250000000000000,32088,33420,20843,26206,3027,12828,73939,3.150000000000000,168606,6254,83408,78944
30,Kansas City,MO,29,38000,N,313.543000000000010,4.471000000000000,8,441545,267931,137879,2122,8182,493,14158,10780,30604,213141,228404,31755,80231,23320,57031,71386,65633,60497,51692,34.000000000000000,32.799999999999997,35.200000000000003,183981,2.350000000000000,28477,34174,29817,40181,3903,18005,107402,3.060000000000000,202334,18353,106131,77850
31,St. Louis,MO,29,65000,N,61.923000000000002,4.225000000000000,8,348189,152666,178266,950,6891,94,2783,6539,7022,163567,184622,23477,66180,21022,44168,52558,49622,43320,47842,33.700000000000003,32.100000000000001,35.200000000000003,147076,2.300000000000000,27052,32217,15947,22523,3172,18274,76976,3.190000000000000,176354,29278,68939,78137
32,Charlotte,NC,37,12000,N,242.267000000000000,0.598000000000000,9,540828,315061,176964,1863,18418,283,19242,8997,39800,264978,275850,38529,95106,29229,79897,98495,81538,70369,47665,32.700000000000003,31.500000000000000,33.899999999999999,215449,2.450000000000000,27758,35843,44268,49702,3799,17962,132378,3.070000000000000,230434,14985,123883,91566
33,Omaha,NE,31,37000,N,115.703000000000000,3.177000000000000,8,390007,305745,51917,2616,6773,228,15250,7478,29397,190032,199975,28249,71698,23776,51096,58537,57085,53544,46022,33.500000000000000,32.200000000000003,34.899999999999999,156738,2.420000000000000,22074,27993,31326,37285,2942,12786,94933,3.100000000000000,165731,8993,93449,63289
34,Albuquerque,NM,35,02000,N,180.640999999999990,0.637000000000000,8,448607,321179,13854,17444,10068,452,66292,19318,179075,217887,230720,30883,79209,27624,54114,69437,68294,65376,53670,34.899999999999999,33.600000000000001,36.100000000000001,183236,2.400000000000000,25464,30340,35480,44435,5211,14709,112623,3.020000000000000,198465,15229,110606,72630
35,Las Vegas,NV,32,40000,N,113.305000000000010,0.051000000000000,8,478434,334230,49570,3570,22879,2145,46643,19397,112962,243077,235357,36900,87155,23072,56303,79933,67278,72496,55297,34.500000000000000,33.899999999999999,35.100000000000001,176750,2.660000000000000,22607,21664,38108,47251,5309,12946,117466,3.190000000000000,190724,13974,104481,72269
36,New York,NY,36,51000,N,303.309000000000030,165.562999999999990,10,8008278,3576385,2129762,41289,787047,5430,1074406,393959,2160554,3794204,4214074,540878,1399391,433490,1050181,1348263,1133497,1164721,937857,34.200000000000003,32.700000000000003,35.600000000000001,3021588,2.590000000000000,404976,557648,532402,591903,52854,312600,1853223,3.320000000000000,3200912,179324,912296,2109292
37,Cincinnati,OH,39,15000,N,77.966999999999999,1.599000000000000,8,331285,175492,142176,709,5132,130,2093,5553,4230,156357,174928,23862,57282,24392,48329,50409,45974,40383,40654,32.100000000000001,30.699999999999999,33.700000000000003,148095,2.150000000000000,28386,34967,16099,23315,2813,18316,72496,3.020000000000000,166012,17917,57715,90380
38,Cleveland,OH,39,16000,N,77.579999999999998,4.844000000000000,8,478403,198510,243939,1458,6444,178,17173,10701,34728,226550,251853,38594,97809,26503,54460,73469,66989,60600,59979,33.000000000000000,31.600000000000001,34.299999999999997,190638,2.440000000000000,31756,35421,23177,31067,4781,29119,111998,3.190000000000000,215856,25218,92535,98103
39,Columbus,OH,39,18000,Y,210.267000000000000,2.281000000000000,9,711470,483332,174065,2090,24495,367,8292,18829,17471,345878,365592,53347,118521,54053,120265,122670,96458,83125,63031,30.600000000000001,29.800000000000001,31.600000000000001,301534,2.300000000000000,47365,55535,49808,58900,6621,28083,165380,3.010000000000000,327175,25641,148004,153530
40,Toledo,OH,39,77000,N,80.622000000000000,3.453000000000000,8,313619,220261,73854,970,3233,76,7166,8059,17141,150204,163415,22849,59282,19783,40102,45261,43431,41711,41200,33.200000000000003,31.600000000000001,34.799999999999997,128925,2.380000000000000,19009,23315,20983,28272,3193,14189,77378,3.040000000000000,139871,10946,77062,51863
41,Oklahoma City,OK,40,55000,Y,606.982999999999950,14.163000000000000,9,506132,346226,77810,17743,17595,360,26705,19693,51368,247313,258819,37194,92080,30345,64229,75784,75598,72804,58098,34.000000000000000,32.700000000000003,35.299999999999997,204434,2.410000000000000,28658,34149,41319,52328,4540,17093,129360,3.040000000000000,228149,23715,121528,82906
42,Tulsa,OK,40,75000,N,182.645000000000010,4.192000000000000,8,393049,275488,60794,18551,7150,202,13564,17300,28111,189937,203112,28318,69022,24286,49622,56595,58198,56500,50508,34.500000000000000,32.600000000000001,36.399999999999999,165743,2.310000000000000,24653,31531,30396,41045,3279,13596,99094,2.980000000000000,179405,13662,92234,73509
43,Portland,OR,41,59000,N,134.319999999999990,11.048000000000000,9,529121,412241,35115,5587,33470,1993,18760,21955,36058,261565,267556,32300,79154,28764,75573,90929,85738,75500,61163,35.200000000000003,34.200000000000003,36.200000000000003,223737,2.300000000000000,35621,41715,36193,49084,4457,14090,118447,3.000000000000000,237307,13570,124767,98970
44,Philadelphia,PA,42,60000,N,135.089000000000000,7.546000000000000,10,1517550,683267,655824,4073,67654,729,72429,33574,128928,705107,812443,98161,285308,99908,182284,221352,206084,210731,213722,34.200000000000003,32.100000000000001,36.000000000000000,590071,2.480000000000000,83769,115746,79879,109412,13295,69731,352331,3.220000000000000,661958,71887,349633,240438
45,Pittsburgh,PA,42,61000,N,55.584000000000003,2.767000000000000,8,334563,226258,90750,628,9195,111,2218,5403,4425,159119,175444,17607,48901,31195,44045,46222,46094,45465,55034,35.500000000000000,33.100000000000001,37.899999999999999,143739,2.170000000000000,24150,32412,16396,28380,2135,12927,74104,2.950000000000000,163366,19627,74927,68812
46,Memphis,TN,47,48000,N,279.317999999999980,15.443000000000000,9,650100,223728,399208,1217,9482,239,9438,6788,19317,307643,342457,50396,130899,39896,84543,97155,92747,83438,71026,31.899999999999999,30.100000000000001,33.799999999999997,250721,2.520000000000000,33643,42931,37081,48377,5833,35650,158458,3.180000000000000,271552,20831,139985,110736
47,Nashville-Davidson County,TN,47,52006,Y,473.315000000000000,23.689000000000000,9,545524,359581,146235,1639,12992,400,13677,11000,25774,264095,281429,36335,84334,36882,78869,92515,82149,74561,59879,33.899999999999999,32.500000000000000,35.299999999999997,227403,2.290000000000000,33157,43642,36743,52235,4003,19499,131100,2.960000000000000,242451,15048,124036,103367
48,Arlington,TX,48,04000,N,95.817999999999998,3.206000000000000,8,332969,225379,45727,1817,20015,475,29763,9793,60817,166465,166504,27755,66443,20158,47688,60796,49202,40488,20439,30.699999999999999,30.199999999999999,31.199999999999999,124686,2.650000000000000,15801,14982,34413,29958,2953,10000,85000,3.200000000000000,130628,5942,68256,56430
49,Austin,TX,48,05000,Y,251.518000000000000,6.908000000000000,9,656562,429100,65956,3889,30960,469,106538,19650,200579,337569,318993,46715,100833,60135,126084,116970,92253,69667,43905,29.600000000000001,29.100000000000001,30.199999999999999,265649,2.400000000000000,44640,42386,49148,51950,4745,17387,141589,3.140000000000000,276842,11193,119102,146547
50,Dallas,TX,48,19000,N,342.541999999999970,42.456000000000003,10,1188580,604209,307957,6472,32118,590,204883,32351,422587,598991,589589,98785,216791,72341,194619,208079,157720,137944,102301,30.500000000000000,29.800000000000001,31.300000000000001,451833,2.580000000000000,71311,77541,87783,87469,9400,39743,266789,3.370000000000000,484117,32284,195335,256498
51,El Paso,TX,48,24000,N,249.074999999999990,1.456000000000000,9,563662,413061,17586,4601,6321,583,102320,19190,431875,267651,296011,47646,127289,33200,64289,81651,76964,72502,60121,31.100000000000001,29.399999999999999,32.799999999999997,182063,3.070000000000000,15490,19528,54116,45284,3707,19355,141071,3.540000000000000,193663,11600,111750,70313
52,Fort Worth,TX,48,27000,N,292.538999999999990,6.354000000000000,9,534694,319159,108310,3144,14105,341,75100,14535,159368,263720,270974,45452,105615,34105,72965,87946,73698,63451,51462,30.899999999999999,30.100000000000001,31.899999999999999,195078,2.670000000000000,25584,30173,46157,43213,4480,17068,127530,3.330000000000000,211035,15957,109072,86006
53,Houston,TX,48,35000,N,579.413000000000010,22.277000000000001,10,1953631,962610,494496,8568,103694,1182,321603,61478,730865,975551,978080,160797,375861,117621,288621,324687,276105,245874,164065,30.899999999999999,30.199999999999999,31.800000000000001,717945,2.670000000000000,103336,109382,159315,150751,15142,63252,457549,3.390000000000000,782009,64064,328741,389204
54,San Antonio,TX,48,65000,N,407.557000000000020,4.514000000000000,10,1144646,774708,78120,9584,17934,1067,221362,41871,671394,553245,591401,92446,234211,70941,143970,177249,158471,147996,119362,31.699999999999999,30.500000000000000,32.899999999999999,405474,2.770000000000000,45282,56352,97670,97202,9421,38552,280828,3.360000000000000,433122,27648,235699,169775
55,Virginia Beach,VA,51,82000,N,248.291000000000000,249.032999999999990,8,425257,303681,80593,1619,20869,416,6402,11677,17770,210524,214733,30616,86272,23178,53670,75791,65038,54759,35933,32.700000000000003,31.300000000000001,34.100000000000001,154455,2.700000000000000,14013,17433,44182,41800,3350,12413,110953,3.140000000000000,162277,7822,101308,53147
56,Seattle,WA,53,63000,N,83.872000000000000,58.670999999999999,9,563374,394889,47541,5659,73910,2804,13423,25148,29719,280973,282401,26215,61612,35704,93039,109922,89573,79502,67807,35.399999999999999,34.700000000000003,36.299999999999997,258499,2.080000000000000,49537,56005,32349,52299,3012,10949,113400,2.870000000000000,270524,12025,125165,133334
57,Milwaukee,WI,55,53000,N,96.063999999999993,0.850000000000000,9,596974,298379,222933,5212,17571,301,36428,16150,71646,285363,311611,47545,123439,42943,78933,89138,79547,70306,65123,30.600000000000001,29.399999999999999,31.800000000000001,232188,2.500000000000000,35560,42212,33292,41502,5355,32251,135189,3.250000000000000,249225,17037,105235,126953