OBJECTID,AREANAME,CLASS,ST,STFIPS,PLACEFIP,CAPITAL,AREALAND,AREAWATER,POP_CL,POP2000,WHITE,BLACK,AMERI_ES,ASIAN,HAWN_PI,OTHER,MULT_RACE,HISPANIC,MALES,FEMALES,AGE_UNDER5,AGE_5_17,AGE_18_21,AGE_22_29,AGE_30_39,AGE_40_49,AGE_50_64,AGE_65_UP,MED_AGE,MED_AGE_M,MED_AGE_F,HOUSEHOLDS,AVE_HH_SZ,HSEHLD_1_M,HSEHLD_1_F,MARHH_CHD,MARHH_NO_C,MHH_CHILD,FHH_CHILD,FAMILIES,AVE_FAM_SZ,HSE_UNITS,VACANT,OWNER_OCC,RENTER_OCC
1,Phoenix,city,AZ,04,55000,Y,474.862000000000020,0.227000000000000,10,1321045,938853,67416,26696,26449,1766,216589,43276,449972,671760,649285,114516,267919,80898,179201,222468,185726,163522,106795,30.699999999999999,30.100000000000001,31.500000000000000,465834,2.790000000000000,58261,60161,113190,105326,15511,37656,307243,3.390000000000000,495832,29998,282670,183164
2,Los Angeles,city,CA,06,44000,N,469.072000000000000,29.216000000000001,10,3694820,1734036,415195,29412,369254,5915,949720,191288,1719073,1841805,1853015,285976,695335,226327,522360,644779,508091,454823,357129,31.600000000000001,30.800000000000001,32.600000000000001,1275412,2.830000000000000,175968,187489,288841,246150,33574,104867,798719,3.560000000000000,1337706,62294,491882,783530
3,San Diego,city,CA,06,66000,N,324.341000000000010,47.689999999999998,10,1223400,736207,96216,7543,166968,5853,151532,59081,310752,616884,606516,82523,211385,85983,176567,210745,174023,154166,128008,32.500000000000000,31.500000000000000,33.600000000000001,450691,2.610000000000000,60633,65577,98074,103139,8538,29473,271398,3.300000000000000,469689,18998,223280,227411
4,San Francisco,city,CA,06,67000,N,46.694000000000003,185.221000000000000,9,776733,385728,60515,3458,239565,3844,50368,33255,109504,394828,381905,31633,81169,31505,130484,161353,117999,116479,106111,36.500000000000000,36.000000000000000,37.200000000000003,329700,2.300000000000000,63760,63616,40269,64041,3154,11284,145186,3.220000000000000,346527,16827,115391,214309
5,San Jose,city,CA,06,68000,N,174.863000000000000,3.315000000000000,9,894943,425017,31349,6865,240375,3584,142691,45062,269989,454798,440145,68243,167881,49115,118111,165473,132993,119267,73860,32.600000000000001,32.000000000000000,33.299999999999997,276598,3.200000000000000,24669,26269,82694,72306,6587,16654,203681,3.620000000000000,281841,5243,170950,105648
6,Denver,city,CO,08,20000,Y,153.349999999999990,1.587000000000000,9,554636,362180,61649,7290,15611,648,86464,20794,175704,280207,274429,37769,83997,29897,90415,98337,79026,72769,62426,33.100000000000001,32.200000000000003,34.299999999999997,239235,2.270000000000000,44646,49398,35890,47126,4496,15212,119300,3.140000000000000,251435,12200,125539,113696
7,Washington,city,DC,11,50000,Y,61.402999999999999,6.938000000000000,9,572059,176101,343312,1713,15189,348,21950,13446,44953,269366,302693,32536,82456,42152,83334,94862,81125,85696,69898,34.600000000000001,33.700000000000003,35.600000000000001,248338,2.160000000000000,48347,60397,20741,35890,3802,24561,114166,3.070000000000000,274845,26507,101214,147124
8,Jacksonville,city,FL,12,35000,N,757.673000000000000,116.648000000000000,9,735617,474307,213514,2474,20427,448,9816,14631,30594,356284,379333,53938,142401,40991,86611,121411,112054,102296,75915,33.799999999999997,32.600000000000001,34.899999999999999,284499,2.530000000000000,33523,40957,61783,70973,6462,28155,190533,3.070000000000000,308826,24327,179729,104770
9,Chicago,city,IL,17,14000,N,227.131000000000000,6.869000000000000,10,2896016,1215315,1065009,10290,125974,1788,393203,84437,753644,1405107,1490909,218522,541318,172620,431648,479483,384230,369392,298803,31.500000000000000,30.500000000000000,32.600000000000001,1061928,2.670000000000000,157419,188413,179408,193562,21343,105705,632558,3.500000000000000,1152868,90940,464865,597063
10,Indianapolis,"city (consolidated, balance)",IN,18,36003,Y,361.478000000000010,6.678000000000000,9,781870,540212,199412,1985,11161,322,15921,12857,30636,378310,403560,57523,143094,42739,103461,127775,116990,104430,85858,33.500000000000000,32.200000000000003,34.799999999999997,320107,2.390000000000000,45822,56671,57496,72411,7854,30184,192754,3.040000000000000,352429,32322,187590,132517
11,Boston,city,MA,25,07000,Y,48.426000000000002,41.207999999999998,9,589141,320944,149202,2365,44284,366,46102,25878,85089,283588,305553,32046,84513,53455,110119,103426,73476,70770,61336,31.100000000000001,30.399999999999999,31.800000000000001,239528,2.310000000000000,40069,48875,28219,37528,3298,22793,115096,3.170000000000000,251935,12407,77226,162302
12,Baltimore,city,MD,24,04000,N,80.804000000000002,11.273999999999999,9,651154,205982,418951,2097,9985,222,4363,9554,11061,303687,347467,41694,119659,43178,74060,98081,95376,93185,85921,35.000000000000000,33.299999999999997,36.500000000000000,257996,2.420000000000000,38962,51162,25717,43054,5723,34329,147154,3.160000000000000,300477,42481,129869,128127
13,Detroit,city,MI,26,22000,N,138.768000000000000,4.177000000000000,9,951270,116599,775772,3140,9268,251,24199,22041,47167,448319,502951,76232,219477,53050,113300,137647,132103,120405,99056,30.899999999999999,29.199999999999999,32.500000000000000,336428,2.770000000000000,46946,52915,42085,47575,9343,62533,218483,3.450000000000000,375096,38668,184647,151781
14,Charlotte,city,NC,37,12000,N,242.267000000000000,0.598000000000000,9,540828,315061,176964,1863,18418,283,19242,8997,39800,264978,275850,38529,95106,29229,79897,98495,81538,70369,47665,32.700000000000003,31.500000000000000,33.899999999999999,215449,2.450000000000000,27758,35843,44268,49702,3799,17962,132378,3.070000000000000,230434,14985,123883,91566
15,New York,city,NY,36,51000,N,303.309000000000030,165.562999999999990,10,8008278,3576385,2129762,41289,787047,5430,1074406,393959,2160554,3794204,4214074,540878,1399391,433490,1050181,1348263,1133497,1164721,937857,34.200000000000003,32.700000000000003,35.600000000000001,3021588,2.590000000000000,404976,557648,532402,591903,52854,312600,1853223,3.320000000000000,3200912,179324,912296,2109292
16,Columbus,city,OH,39,18000,Y,210.267000000000000,2.281000000000000,9,711470,483332,174065,2090,24495,367,8292,18829,17471,345878,365592,53347,118521,54053,120265,122670,96458,83125,63031,30.600000000000001,29.800000000000001,31.600000000000001,301534,2.300000000000000,47365,55535,49808,58900,6621,28083,165380,3.010000000000000,327175,25641,148004,153530
17,Oklahoma City,city,OK,40,55000,Y,606.982999999999950,14.163000000000000,9,506132,346226,77810,17743,17595,360,26705,19693,51368,247313,258819,37194,92080,30345,64229,75784,75598,72804,58098,34.000000000000000,32.700000000000003,35.299999999999997,204434,2.410000000000000,28658,34149,41319,52328,4540,17093,129360,3.040000000000000,228149,23715,121528,82906
18,Portland,city,OR,41,59000,N,134.319999999999990,11.048000000000000,9,529121,412241,35115,5587,33470,1993,18760,21955,36058,261565,267556,32300,79154,28764,75573,90929,85738,75500,61163,35.200000000000003,34.200000000000003,36.200000000000003,223737,2.300000000000000,35621,41715,36193,49084,4457,14090,118447,3.000000000000000,237307,13570,124767,98970
19,Philadelphia,city,PA,42,60000,N,135.089000000000000,7.546000000000000,10,1517550,683267,655824,4073,67654,729,72429,33574,128928,705107,812443,98161,285308,99908,182284,221352,206084,210731,213722,34.200000000000003,32.100000000000001,36.000000000000000,590071,2.480000000000000,83769,115746,79879,109412,13295,69731,352331,3.220000000000000,661958,71887,349633,240438
20,Memphis,city,TN,47,48000,N,279.317999999999980,15.443000000000000,9,650100,223728,399208,1217,9482,239,9438,6788,19317,307643,342457,50396,130899,39896,84543,97155,92747,83438,71026,31.899999999999999,30.100000000000001,33.799999999999997,250721,2.520000000000000,33643,42931,37081,48377,5833,35650,158458,3.180000000000000,271552,20831,139985,110736
21,Nashville-Davidson County,"city (consolidated, balance)",TN,47,52006,Y,473.315000000000000,23.689000000000000,9,545524,359581,146235,1639,12992,400,13677,11000,25774,264095,281429,36335,84334,36882,78869,92515,82149,74561,59879,33.899999999999999,32.500000000000000,35.299999999999997,227403,2.290000000000000,33157,43642,36743,52235,4003,19499,131100,2.960000000000000,242451,15048,124036,103367
22,Austin,city,TX,48,05000,Y,251.518000000000000,6.908000000000000,9,656562,429100,65956,3889,30960,469,106538,19650,200579,337569,318993,46715,100833,60135,126084,116970,92253,69667,43905,29.600000000000001,29.100000000000001,30.199999999999999,265649,2.400000000000000,44640,42386,49148,51950,4745,17387,141589,3.140000000000000,276842,11193,119102,146547
23,Dallas,city,TX,48,19000,N,342.541999999999970,42.456000000000003,10,1188580,604209,307957,6472,32118,590,204883,32351,422587,598991,589589,98785,216791,72341,194619,208079,157720,137944,102301,30.500000000000000,29.800000000000001,31.300000000000001,451833,2.580000000000000,71311,77541,87783,87469,9400,39743,266789,3.370000000000000,484117,32284,195335,256498
24,El Paso,city,TX,48,24000,N,249.074999999999990,1.456000000000000,9,563662,413061,17586,4601,6321,583,102320,19190,431875,267651,296011,47646,127289,33200,64289,81651,76964,72502,60121,31.100000000000001,29.399999999999999,32.799999999999997,182063,3.070000000000000,15490,19528,54116,45284,3707,19355,141071,3.540000000000000,193663,11600,111750,70313
25,Fort Worth,city,TX,48,27000,N,292.538999999999990,6.354000000000000,9,534694,319159,108310,3144,14105,341,75100,14535,159368,263720,270974,45452,105615,34105,72965,87946,73698,63451,51462,30.899999999999999,30.100000000000001,31.899999999999999,195078,2.670000000000000,25584,30173,46157,43213,4480,17068,127530,3.330000000000000,211035,15957,109072,86006
26,Houston,city,TX,48,35000,N,579.413000000000010,22.277000000000001,10,1953631,962610,494496,8568,103694,1182,321603,61478,730865,975551,978080,160797,375861,117621,288621,324687,276105,245874,164065,30.899999999999999,30.199999999999999,31.800000000000001,717945,2.670000000000000,103336,109382,159315,150751,15142,63252,457549,3.390000000000000,782009,64064,328741,389204
27,San Antonio,city,TX,48,65000,N,407.557000000000020,4.514000000000000,10,1144646,774708,78120,9584,17934,1067,221362,41871,671394,553245,591401,92446,234211,70941,143970,177249,158471,147996,119362,31.699999999999999,30.500000000000000,32.899999999999999,405474,2.770000000000000,45282,56352,97670,97202,9421,38552,280828,3.360000000000000,433122,27648,235699,169775
28,Seattle,city,WA,53,63000,N,83.872000000000000,58.670999999999999,9,563374,394889,47541,5659,73910,2804,13423,25148,29719,280973,282401,26215,61612,35704,93039,109922,89573,79502,67807,35.399999999999999,34.700000000000003,36.299999999999997,258499,2.080000000000000,49537,56005,32349,52299,3012,10949,113400,2.870000000000000,270524,12025,125165,133334
29,Milwaukee,city,WI,55,53000,N,96.063999999999993,0.850000000000000,9,596974,298379,222933,5212,17571,301,36428,16150,71646,285363,311611,47545,123439,42943,78933,89138,79547,70306,65123,30.600000000000001,29.399999999999999,31.800000000000001,232188,2.500000000000000,35560,42212,33292,41502,5355,32251,135189,3.250000000000000,249225,17037,105235,126953